0 18.2483 8.94427 48.1664 8.06226 5 
18.2483 0 12.2066 30.0167 10.198 15.0333 
8.94427 12.2066 0 40.7922 5 9.43398 
48.1664 30.0167 40.7922 0 40.1123 45 
8.06226 10.198 5 40.1123 0 5.83095 
5 15.0333 9.43398 45 5.83095 0 
